[500,3,392,319]
[501,5,527,315]
[502,4,429,303]
[503,4,519,472]
[504,1,366,334]
[505,11,429,312]
[506,8,480,426]
[507,0,420,374]
[508,10,487,379]
[509,0,413,334]
[510,8,529,350]
[511,10,484,327]
[512,10,434,371]
[513,2,420,396]
[514,9,360,330]
[515,4,541,529]
[516,2,368,311]
[517,6,384,315]
[518,5,545,309]
[519,8,360,337]
[520,8,399,342]
[521,3,550,418]
[522,6,417,411]
[523,0,503,302]
[524,1,432,311]
[525,3,354,348]
[526,5,537,479]
[527,5,389,304]
[528,8,498,416]
[529,4,438,387]
[530,8,435,350]
[531,11,410,340]
[532,7,485,441]
[533,7,473,394]
[534,0,503,411]
[535,3,544,443]
[536,1,439,362]
[537,2,487,385]
[538,3,488,435]
[539,5,549,513]
[540,6,444,380]
[541,9,444,354]
[542,10,511,468]
[543,7,531,310]
[544,6,483,477]
[545,6,355,339]
[546,5,416,338]
[547,6,461,300]
[548,3,407,393]
[549,7,404,307]
[550,11,505,450]
[551,4,533,352]
[552,11,428,417]
[553,7,464,304]
[554,4,397,308]
[555,5,392,363]
[556,5,501,323]
[557,4,402,367]
[558,4,413,358]
[559,10,549,525]
[560,11,415,354]
[561,1,418,373]
[562,10,544,496]
[563,0,512,432]
[564,3,513,319]
[565,8,405,375]
[566,1,521,500]
[567,1,494,474]
[568,0,463,328]
[569,10,467,433]
[570,6,431,350]
[571,1,497,486]
[572,9,460,386]
[573,9,356,340]
[574,6,475,360]
[575,10,494,318]
[576,5,432,400]
[577,9,468,355]
[578,6,477,464]
[579,4,511,458]
[580,5,412,340]
[581,6,528,391]
[582,1,451,356]
[583,11,525,361]
[584,9,503,339]
[585,1,489,395]
[586,9,374,365]
[587,9,350,335]
[588,0,373,364]
[589,9,507,305]
[590,4,494,394]
[591,5,463,349]
[592,11,498,396]
[593,1,350,337]
[594,4,446,427]
[595,5,351,307]
[596,5,480,462]
[597,11,510,323]
[598,2,426,383]
[599,7,481,412]
[600,4,500,489]
[601,7,540,322]
[602,3,428,369]
[603,11,506,443]
[604,10,415,412]
[605,5,522,431]
[606,5,360,307]
[607,11,428,338]
[608,9,532,316]
[609,3,542,442]
[610,8,356,334]
[611,7,507,501]
[612,0,370,308]
[613,3,361,341]
[614,3,541,506]
[615,5,394,353]
[616,4,520,385]
[617,0,477,429]
[618,1,528,396]
[619,8,402,331]
[620,10,410,364]
[621,11,369,362]
[622,3,409,388]
[623,5,447,323]
[624,2,529,353]
[625,11,386,308]
[626,4,521,466]
[627,3,435,367]
[628,7,357,349]
[629,5,415,346]
[630,7,385,307]
[631,9,513,360]
[632,0,473,467]
[633,9,428,371]
[634,8,494,473]
[635,4,396,372]
[636,2,351,337]
[637,1,549,353]
[638,6,511,417]
[639,9,492,336]
[640,7,499,472]
[641,4,498,448]
[642,8,384,383]
[643,10,436,374]
[644,4,444,403]
[645,6,550,495]
[646,5,359,343]
[647,0,502,385]
[648,6,436,356]
[649,7,413,386]
[650,1,538,345]
[651,1,375,363]
[652,6,533,513]
[653,4,519,331]
[654,1,420,386]
[655,3,493,429]
[656,10,365,332]
[657,5,423,389]
[658,6,452,312]
[659,6,453,346]
[660,6,496,369]
[661,0,400,382]
[662,9,390,317]
[663,10,489,480]
[664,3,379,375]
[665,9,378,374]
[666,5,381,325]
[667,3,392,325]
[668,5,470,374]
[669,10,502,446]
[670,6,493,319]
[671,8,541,391]
[672,7,516,376]
[673,5,414,384]
[674,5,408,403]
[675,10,499,470]
[676,0,361,346]
[677,0,389,316]
[678,4,493,373]
[679,9,488,434]
